1000238|Christy|Herrin|christy.herrin@example.com|SILVER|MOBILE:918-555-1162|5179798,5346469,5517663,5783754,5811408,5828487,5838891,5854423,5864072,5904496,5927566,5930762,5933463,5939057,5989823,6086708,6122093,6136912,6196295,6223670,6258692,6327973,6373285,6384529,6481652,6484329,6485890,6531025,6612924|409,83726,15579,451794
1000279|Casey|Franco|franco81@example.com|SILVER|WORK:916-555-2791|5262426,5307405,5477142,5507578,5609963,5640325,5714567,5809293,5854218,5864478,6052001,6111750,6116797,6128791,6134800,6136527,6153194,6161430,6287762,6397209,6474968,6544432|529,74626,19800,435615
1000810|Adam|Montoya|amontoya@example.com|SILVER|WORK:415-555-4950|5006384,5057993,5220993,5401325,5633591,5650325,5836641,5874250,5903066,5987854,6196986,6254265|409,418177,46873,562486
1001219|Ervin|Groff|eg1981@example.com|SILVER|WORK:915-555-7945|5104660,5287498,5679336,5790583,5791777,5795316,5844532,5855379,5901252,5938239,5951563,5952299,5955489,5988409,5994480,6003787,6118472,6151719,6163195,6213375,6220044,6231296,6326088,6360650,6391878|808,62818,18312,457810
1001661|Jody|Culver|jody.culver@example.com|SILVER|MOBILE:515-555-8686,HOME:515-555-2233|5002071,5132660,5459665,5478462,5546890,5588290,5782846,5854706,6050353,6070769,6097523,6168986,6171973,6208380,6238245,6372287,6383168,6485238,6503277,6585655,6608572|119,71857,26562,557817
1003097|Maribel|Davila|md1959@example.com|SILVER|WORK:303-555-3538|5085927,5178288,5246407,5332795,5439558,5444604,5775007,5792733,6025859,6123393,6145994,6208763,6317532,6402400|1258,227269,30472,426614
1003350|Pearl|Vasquez|pearl.vasquez@example.com|SILVER|WORK:512-555-5846|5086764,5506343,5605634,5688816,5819507,5826092,5849370,5883569,5999472,6009889,6013084,6060366,6116561,6175461,6255540,6334234,6371777,6431022,6468244,6488058|1299,75998,20573,411469
1003378|Mary|Reyes|mr1993@example.com|SILVER|MOBILE:682-555-5064|5132536,5537342,5618149,5671918,5735144,5791069,5801180,5832434,5881357,5882695,5936692,5945856,5952259,5959287,5979212,6022864,6029580,6062105,6123677,6223069,6237487,6327467,6347826,6350255,6420063,6446488,6522213,6532874|119,52077,13900,389225
1003776|Dorothy|Brady|db1954@example.com|GOLD|MOBILE:916-555-2155|5161987,5417213,5446687,5852622,5870952,5903927,5953105,6222239,6250901,6272784,6313819,6456206,6473777,6662291|1588,470019,47814,669399
1004966|Sonya|Cooper|sonya.cooper@example.com|SILVER|WORK:806-555-4722|5094841,5775203,5780485,5783004,5804697,5817584,5837339,5843409,5937395,5941320,5946427,5962244,5988776,6159258,6186626,6194967,6208129,6252330,6260459,6367274,6371992,6407066,6420853,6432300,6479529,6644625,6647932|848,86867,22865,617359
1006798|Sean|Lau|sean.lau@example.com|SILVER|WORK:918-555-0255|5760344,5824270,5894778,5948405,5989734,6019798,6057034,6067932,6097900,6099794,6104037,6209125,6355990,6369800,6378669,6380396,6391809,6418573,6528654,6541437,6542230,6561635,6589311|1939,55156,17370,399512
1007234|Jamal|Salazar|jamal.salazar@example.com|GOLD|MOBILE:415-555-9101,HOME:415-555-8725|5091616,5127322,5170135,5391485,5396098,5468414,5471424,5543189,5620741,5679077,5925920,5935879,6000799,6090601,6165057,6182878,6250263,6378253|2959,508018,42843,771184
1007279|Tina|Dunn|tina84@example.com|SILVER|WORK:415-555-9508|5042966,5242492,5295986,5388275,5637486,5648448,5727639,5736990,5752073,5814692,5850036,6043159,6113911,6154512,6171486,6341112,6346017,6472913,6601363,6637583|2038,208318,24834,496688
1008632|Cynthia|Luther|cynthia.luther@example.com|SILVER|HOME:303-555-6307|5050403,5096057,5371031,5689674,5690798,5824780,5905228,5911322,5967960,5986025,6052137,6115244,6220566,6248773,6582892,6648830|1639,129219,32520,520321
1009678|John|Braden|john.braden@example.com|SILVER|WORK:510-555-7423|5064280,5066475,5145230,5319790,5422559,5628668,5745862,5867499,5950530,6171674,6174666,6219900,6269518,6366440,6594114,6648205|2268,269526,25319,405104
1010095|Kathy|Clark|kc1976@example.com|SILVER|MOBILE:415-555-6795,HOME:415-555-6083|5341125,5408288,5517044,5527817,5543467,5615034,5674604,5769842,5802525,5852664,5900497,6013544,6117032,6155573,6627026|1608,229329,30089,451341
1010987|Gina|Curtis|gina59@example.com|GOLD|HOME:415-555-0650|5018487,5053528,5292346,5396858,5537267,5676589,5751605,5755340,5788687,5893107,6065329,6168529,6210401,6263496,6325468|1538,483338,47640,714607
1011338|Fred|Levy|fl1946@example.com|SILVER|MOBILE:831-555-0911|5437619,5484236,5591650,5639116,5923968,6004066,6065209,6068895,6181197,6220250,6294148,6593595,6653187,6660345|609,399168,48996,685955
1012361|Isaac|Barlow|isaac.barlow@example.com|SILVER|HOME:281-555-3044|5009854,5127651,5144068,5262076,5586255,5820036,5824894,5885958,5932806,5945766,5949946,6018103,6058543,6059924,6076210,6143814,6148891,6166855,6192025,6206268,6355741,6405927,6634303|529,81959,16269,374209
1014874|Pamela|Boothe|pboothe@example.com|SILVER|WORK:415-555-6278|5229321,5421586,5558292,5611088,5684452,5831168,5851901,6013240,6126554,6197041,6206057|739,230177,41440,455849
1015783|Lenora|Crouse|lc1975@example.com|SILVER|WORK:915-555-4583|5191989,5288459,5480693,5931718,5951773,5955088,6033450,6081099,6085754,6087013,6118810,6215975,6229137,6279501,6304238,6323162,6340796,6583169|3308,74106,25354,456386
1016048|Annie|Conner|ac1993@example.com|GOLD|MOBILE:402-555-3138|5028508,5299186,5359586,5616103,5753995,5775214,5851028,5872629,5873162,5952573,6083234,6389437,6434419,6465232,6486552,6531638,6583008,6622502|2488,479878,50794,914292
1016148|Billy|Murphy|billy50@example.com|SILVER|HOME:281-555-2777|5094594,5195881,5238392,5365741,5866533,5867521,5868282,5882772,5907519,5987183,6032608,6093271,6096005,6122473,6204445,6205092,6236360,6244445,6434413,6470176,6536370,6636487|829,55076,18962,417165
1016520|Sharon|Hyde|sharon.hyde@example.com|SILVER|HOME:916-555-8799|5043557,5148051,5155147,5361806,5575500,5839386,5879678,5932339,6087130,6090976,6126264,6195213,6356514,6453699,6559821|1808,227269,31022,465338
1017011|Jesse|Joiner|jjoiner@example.com|SILVER|MOBILE:214-555-1116|5489538,5557451,5792751,5896632,5914343,5955634,6006662,6032453,6040155,6061745,6164729,6188825,6191428,6421191,6564195,6575269,6614206,6657749|1038,133858,28716,516904
1017031|Wanda|Corley|wanda.corley@example.com|SILVER|MOBILE:512-555-2091|5255958,5730728,5799710,5835116,5874089,5892628,5946752,5956165,6054858,6224373,6272915,6278730,6312902,6346791,6374136,6484023,6534627|609,240488,26846,456382
1018021|Kimberly|Hearne|kh1979@example.com|SILVER|HOME:214-555-7874|5162998,5842041,5905964,6044191,6046495,6060204,6061080,6128501,6302796,6302908,6451458,6458264,6468424,6487185,6532979,6584175,6598514|629,398128,39511,671689
1018102|Israel|Hamby|israel.hamby@example.com|SILVER|MOBILE:936-555-4100|5776391,5825583,5857372,5868246,5875415,5880550,5881078,5938153,5975022,5978335,5993201,6007291,6047654,6064815,6091324,6106082,6181396,6192365,6196630,6218313,6224153,6231018,6255499,6356371|649,131198,23267,558420
1019052|Karen|Gregg|karen69@example.com|SILVER|HOME:504-555-3433|5579122,5674966,5780012,5795640,5838529,5881796,5910218,5930956,5973082,6016625,6017465,6054104,6077577,6114241,6136636,6143707,6158056,6290805,6346927,6383879,6410734,6447089,6488507,6524670|509,70456,13995,335886
1019699|Calvin|Gallo|calvin.gallo@example.com|GOLD|HOME:337-555-5243|5030960,5807219,5866093,5884336,5930759,5940253,5962225,6013433,6019633,6022264,6224655,6253708,6296807,6404449,6471646,6551615|1178,474416,44169,706714
1020552|David|Dickerson|david.dickerson@example.com|SILVER|MOBILE:408-555-8769|5111290,5399221,5406358,5494514,5565207,5642145,5838545,5901268,6002299,6014703,6033239,6075535,6110841,6129595,6558759|988,232367,26304,394566
1020898|Troy|Dishman|td1960@example.com|SILVER|HOME:408-555-8651|5027858,5115818,5143001,5202052,5204041,5372314,5584868,5885614,5887673,5917576,6143176,6218538|119,227269,30761,369140
1024635|Noah|Padilla|noah.padilla@example.com|GOLD|WORK:916-555-5981|5194476,5306059,5324080,5376945,5563621,5579223,5582002,5658699,5760070,5764147,5932963,6024901,6031012,6050310,6172643,6233376,6438877|559,397159,49918,848617
1024732|Patty|Garcia|pgarcia@example.com|SILVER|MOBILE:916-555-8082|5312117,5408347,5500283,5526878,5527521,5779734,5853833,5992676,6008926,6018048,6342059,6399185,6570217,6605146|418,234597,40188,562645
1025247|Mary|Arredondo|ma1973@example.com|SILVER|HOME:915-555-4547|5530361,5809292,5814011,5957236,5957323,6117146,6134647,6182013,6191032,6276688,6307397,6316597,6317048,6335368,6369810,6570210,6649914|1309,230048,29883,508027
1025269|Patricia|Noble|patricia48@example.com|GOLD|WORK:209-555-3609|5037937,5049916,5091019,5784611,5858189,5890258,6155008,6208368,6291242|4019,473947,67331,605979
1027722|James|Pineda|jp1964@example.com|GOLD|HOME:916-555-5046|5160095,5179803,5228126,5236740,5372291,5448319,5459451,5588334,5690105,5779806,5955869,6015587,6079253,6087461,6090015,6198569,6431333,6479644,6517735|2468,472798,46500,883512
1027925|Margaret|Mills|margaret.mills@example.com|SILVER|MOBILE:916-555-9287,HOME:916-555-5512|5038003,5096735,5282727,5314021,5377713,5534937,5765838,5821021,5890119,5945787,6062490,6151829,6313828,6342268,6519204|2918,229329,32536,488042
1029005|Patricia|Hussey|hussey41@example.com|SILVER|HOME:512-555-2830|5037521,5268576,5367606,5805579,5912831,5979337,6008943,6019844,6078418,6095980,6121547,6166349,6166900,6315886,6373565,6477241,6512100,6523030,6541927|948,81959,18164,345120
1030776|Robert|Zayas|rzayas@example.com|SILVER|HOME:916-555-8949|5262067,5314233,5367279,5386842,5432882,5566912,5855464,5913732,5919365,5983709,6062459,6625694|19,227269,37055,444671
1030798|Felix|Wiles|fw1968@example.com|SILVER|HOME:415-555-6167|5174542,5228085,5295916,5493040,5500067,5770060,5799791,5870910,5962964,5976429,6146756,6351742,6405620|809,231118,27179,353336
1031211|Gregorio|Shafer|gs1954@example.com|SILVER|MOBILE:281-555-3954|5152372,5187878,5386455,5413781,5750279,5793105,5879028,5897634,6022644,6033042,6041868,6044280,6064499,6083691,6123723,6139402,6141909,6155347,6157353,6220205,6276305,6290983,6337704,6339828,6377251,6400529,6412408,6441514,6453508,6462838,6472134,6476546,6567388,6642273|508,45258,18457,627541
1031614|Nicole|Morgan|nicole.morgan@example.com|SILVER|MOBILE:510-555-9567|5221263,5321010,5489833,5707453,5876485,5996661,6006148,6027292,6041600,6274864,6584033|119,229718,32310,355410
1034224|Alan|Payton|apayton@example.com|SILVER|MOBILE:682-555-4032|5085364,5248998,5358496,5654464,5914108,5979814,5981366,6169065,6177196,6206146,6214909,6278106,6310323,6335585,6412389,6479496,6521047,6599338|3018,240707,30995,557919
1034816|Linda|Melendez|lm1971@example.com|GOLD|MOBILE:510-555-4812|5681958,5783411,5784574,5800666,6083034,6089132,6112461,6659732|49,471108,66258,530065
1034842|Martin|Bates|bates69@example.com|GOLD|MOBILE:916-555-3063|5002974,5013678,5094881,5113277,5351293,5414758,5632404,5779352,5804332,5845988,5848115,5899622,6009177,6120439,6310647,6534858,6564343|848,470398,64476,1096101
1035905|Albert|Earl|aearl@example.com|SILVER|MOBILE:408-555-1489|5027715,5145195,5528990,5594599,5683433,5683762,5683823,5735623,5785344,5845728,6052707,6120499,6157865,6359498,6417738,6499927|389,248964,25017,400284
1037482|Sarah|Dunlap|sarah.dunlap@example.com|GOLD|MOBILE:312-555-9315|5033956,5041255,5650514,5654034,5781126,5825024,5837765,5847657,5927531,6233459,6564823,6590697|1259,482638,60441,725292
1038345|Alice|James|james55@example.com|SILVER|WORK:281-555-0100|5515081,5556910,5816084,5825033,5846720,6009409,6063902,6093683,6126232,6208833,6218097,6220204,6316881,6382653,6435662,6491964,6592960,6600352|119,123336,20822,374812
1038872|Rose|Valentin|rv1953@example.com|SILVER|MOBILE:405-555-7013,HOME:405-555-9114|5598385,5854427,5890384,5929528,5944632,5945955,6077225,6156387,6164196,6166511,6173318,6176487,6252616,6289543,6319873,6328561,6370327,6432409,6454312,6471034,6497618,6553817|419,129718,25740,566293
1039086|Sara|Greco|sg1973@example.com|SILVER|HOME:405-555-2978|5829233,5860928,5891197,5963681,5984630,6032506,6106532,6127281,6179934,6192786,6222975,6275151,6289156,6607834|2858,129818,32701,457814
1039190|Amos|Powers|ap1990@example.com|SILVER|HOME:512-555-6129|5090534,5772132,5776273,5808818,5834969,5850318,5907691,5933581,5972588,6038953,6049951,6113971,6163655,6190893,6321041,6414130,6599522,6612636|329,91548,25050,450917
1039936|Rachel|Mccarthy|rm1977@example.com|SILVER|MOBILE:916-555-9737|5056440,5123212,5475909,5493697,5535734,5638460,5723008,5881477,5981135,6007963,6045419,6086077,6473143|379,274217,27495,357444
1040025|Cliff|Verduzco|cverduzco@example.com|SILVER|HOME:903-555-4816|5083335,5546407,5595662,5827306,5871858,5933951,5940570,6001991,6030602,6058032,6095868,6132885,6161325,6164292,6166547,6167447,6209236,6222812,6266084,6440708,6461452,6475205,6615814|379,52368,16913,389006
1040630|Fernando|Mcfadden|fmcfadden@example.com|SILVER|MOBILE:859-555-8622,HOME:859-555-3197|5359397,5437391,5511041,5704972,5860342,5942223,6049013,6132908,6148605,6311477,6468381|529,234448,28976,318741
1040807|Dorothy|Dillon|dorothy.dillon@example.com|SILVER|MOBILE:415-555-6013|5175893,5189914,5295963,5564044,5783344,5788380,5863078,6017613,6054847,6416144,6486185,6524905|49,131568,27834,334010
1041033|Lowell|Huntley|lhuntley@example.com|SILVER|MOBILE:281-555-2042,HOME:281-555-5540|5185728,5645241,5800361,5848664,5848971,5870728,5897774,5925986,5993729,6014957,6046838,6051708,6083874,6213671,6214483,6228672,6247651,6342294|1999,229628,22480,404641
1041527|Eileen|Castillo|ec1977@example.com|SILVER|MOBILE:281-555-2240|5234897,5339562,5417263,5526367,5804456,5831576,5865263,5891971,5917107,5917333,5939912,5997607,6003770,6078676,6105005,6151063,6194790,6326703,6334115,6453212,6461663,6492801,6517497,6633841,6645737|539,170247,28614,715369
1041961|Robert|Mcnulty|mcnulty84@example.com|SILVER|WORK:281-555-5556|5565457,5803616,5818122,5942607,5960150,5987895,6144522,6146354,6147795,6151894,6161250,6258784,6304810,6322974,6450411,6459948,6611423,6626053|2238,187625,27714,498860
1042288|Wanda|Clark|wc1953@example.com|SILVER|WORK:504-555-2943|5072053,5224125,5760548,5901742,5949237,5959391,5964601,5969704,6015526,6017962,6026354,6038773,6044539,6079365,6087900,6110704,6126031,6133997,6161597,6177919,6213802,6221546,6239742,6248384,6300854,6315259,6367388,6480986|469,53128,13150,368209
1044101|Christine|Richerson|cr1945@example.com|SILVER|MOBILE:915-555-6300|5187951,5293697,5629034,5788225,5826164,5859361,5886782,5911219,6023323,6029141,6054144,6078766,6127061,6157832,6160444,6366384,6369440,6410509,6450727,6481421,6589574,6623388,6627942|2218,229329,23000,529002
1045102|Roberto|O'Neil|ro'neil@example.com|SILVER|HOME:409-555-0773|5709241,5840723,5841834,5858904,5892343,5904635,5950673,5960608,6007794,6105696,6177225,6201346,6208389,6219451,6240108,6345451,6375089,6405311,6427163,6539293|1369,99958,22664,453281
1045971|Sarah|Maldonado|sarah.maldonado@example.com|SILVER|WORK:414-555-9364|5226700,5370891,5507621,5528980,5680779,5822672,5851770,5881506,6008355,6086942,6113638,6188915,6191424,6229650,6263874,6424937,6502963|2839,230588,27615,469466
1047509|Susan|Anthony|santhony@example.com|GOLD|WORK:415-555-3334|5068408,5159319,5181188,5218158,5482543,5660715,5804669,5833230,5890857,6065403,6169557,6307150,6385145|1939,470019,53241,692138
1048239|Johnathan|Romine|jr1993@example.com|GOLD|MOBILE:915-555-8005|5022787,5466064,5662219,5799638,5836134,5850607,5850854,5999010,6085610,6100532,6185299,6216065,6251607,6258093,6274995,6354085,6382466,6436961,6449078,6534278,6605162,6652762|698,471318,37725,829955
1048645|Terri|Clements|terri.clements@example.com|SILVER|HOME:210-555-6414|5681002,5854708,5887957,5926996,5946589,6013999,6016917,6095247,6145003,6149603,6164754,6181410,6185572,6291794,6302471,6356095,6365009,6453503,6460898,6466561|499,81959,18841,376825
1049376|Regina|Wells|rw1963@example.com|SILVER|MOBILE:281-555-2309,HOME:281-555-5988|5684773,5844092,5903579,5919262,5940371,6000689,6004026,6082881,6088612,6097155,6097656,6247196,6282998,6332860,6361365,6497026,6498033,6513604,6605843|3148,76948,21625,410890
1053607|Elizabeth|Bunn|elizabeth.bunn@example.com|SILVER|MOBILE:408-555-1447,HOME:408-555-9730|5069507,5103040,5106406,5180482,5265409,5269019,5407138,5410375,5451526,5618976,5685055,5875531,5944448,5975569,6012765,6026198,6068643,6094707,6262387,6417111,6566910,6567808|2168,228638,24207,532554
1054412|Barbara|Cahill|bcahill@example.com|SILVER|WORK:512-555-9317|5488344,5827024,5879050,5883116,5889727,5906561,5932142,5965310,5970628,6012891,6053225,6112907,6126316,6140087,6152715,6163726,6170414,6187469,6205368,6237339,6272467,6370491,6374240,6454496,6501582,6525304,6586794,6604808|1828,49368,17683,495144
1054845|Heather|Bowens|heather73@example.com|SILVER|WORK:512-555-6875|5501538,5777372,5813662,5834047,5867897,5895248,5933964,5943047,6029758,6054337,6064643,6085664,6105961,6117548,6130215,6130480,6178167,6199954,6222418,6258396,6272246,6431390,6467929,6515981|399,62848,21464,515142
1054849|Lori|Cobb|lcobb@example.com|SILVER|MOBILE:210-555-4458,HOME:210-555-8367|5065271,5182293,5232013,5776765,5794436,5794920,5806949,5821141,5835110,5903700,5926871,5942358,5957502,5965491,5974027,6102121,6108035,6199708,6302257,6316306,6383457,6400537,6518370,6529104,6554561,6564321,6601683|599,62469,17834,481533
1054875|Louie|Galloway|louie62@example.com|SILVER|MOBILE:303-555-8047|5038866,5234782,5483677,5781740,5792749,5861722,5908966,6006518,6029424,6129414,6292381,6539625,6539992|1689,229329,30007,390096
1055178|Lucinda|Frey|lucinda87@example.com|SILVER|HOME:214-555-8788|5147782,5170704,5309728,5748024,5807759,5845771,5847776,5893730,5927997,5982920,6022711,6061453,6140721,6163235,6182414,6216008,6224355,6354511,6373607,6398000,6559685,6625998,6631783|809,228228,24154,555542
1055314|Jennifer|Ellison|ellison88@example.com|GOLD|MOBILE:210-555-8284,WORK:210-555-4518|5308045,5777464,5798420,5799733,5807591,5859929,5861182,5887800,5927014,5937810,6008051,6011553,6018071,6043674,6050204,6051301,6052102,6090024,6256103,6461132,6555571,6611934,6640290,6647202,6652998|419,410378,33241,831029
1056403|Charles|Titus|ct1945@example.com|GOLD|MOBILE:916-555-3325|5076067,5599234,5608886,5639241,5876528,6076082,6096397,6128826,6141523,6177308,6208065,6217525,6235826,6290312,6420790,6490227,6605950|1058,478918,41962,713368
1056775|Sonny|Flick|sonny.flick@example.com|GOLD|HOME:408-555-6517|5278637,5280212,5341242,5542488,5747913,5804943,5952874,6042194,6094746,6168611,6317058,6603049|2129,470578,58959,707515
1057132|Christina|Belcher|cb1991@example.com|SILVER|HOME:405-555-1172|5087060,5150958,5313036,5733994,5772776,5812819,5837061,5867323,5878928,5915629,5920714,5928632,5991747,6041507,6045056,6067507,6085724,6116659,6143092,6157918,6159656,6163666,6184663,6199133,6221683,6265364,6571569,6662133|59,69087,15935,446207
1058426|Kristina|Lillie|kl1989@example.com|SILVER|WORK:415-555-3923|5042634,5116851,5160166,5288472,5406234,5896216,5919981,6048436,6068571,6134810,6440480,6484266,6631367|4598,230048,44928,584072
1058440|Terry|Stoops|tstoops@example.com|SILVER|WORK:281-555-6862|5811348,5827963,5852126,5893589,5895479,5986246,5987903,5995988,5997772,6009699,6032780,6117281,6172564,6196937,6265901,6341975,6602498|2088,49698,20129,342197
1058666|Mary|Okeefe|mo1982@example.com|SILVER|HOME:916-555-3611|5193753,5463484,5579270,5614632,5619213,5721127,5792836,5843651,5878904,5936352,5957410,5960190,5960831,6005707,6022586,6052120,6362351|3368,69327,25642,435924
1058764|Marla|Craig|mcraig@example.com|SILVER|HOME:281-555-2585|5062898,5377510,5478457,5724376,5794442,5815355,5906551,5947832,6002225,6049922,6136989,6138232,6158360,6175486,6185437,6210888,6229299,6243745,6254024,6342456,6353492,6376434,6387683,6387860,6439404,6495979,6507113,6544659,6654266,6659424|59,87487,20368,611055
1058875|Michael|Bauer|mb1955@example.com|SILVER|WORK:209-555-2355|5006520,5218230,5354911,5361703,5508469,5681199,5836948,6019940,6021485,6045486,6081517,6193834,6509180|509,252028,35829,465782
1059049|Celeste|Bean|cb1975@example.com|SILVER|WORK:214-555-0631|5083419,5172171,5528324,5552479,5786468,5798243,5827156,5841452,5844077,5875106,5984099,6057846,6090726,6111123,6120047,6242085,6244062,6289631,6320599,6395863,6401655,6417066,6434852,6439777,6591356|389,231218,25434,635871
1060117|Elizabeth|Salinas|es1992@example.com|SILVER|WORK:408-555-9040|5216183,5319593,5379175,5420642,5522442,5769127,5781301,5834425,5901406,5920155,5961378,6014603,6163981,6196196,6236097,6344225|609,276848,25999,415993
1061380|Kayla|Davenport|kd1973@example.com|SILVER|MOBILE:281-555-3370|5818199,5838244,5855836,5878164,5885083,5917921,5921206,5985368,6062458,6065908,6137479,6138909,6165467,6167668,6203418,6242395,6257212,6273632,6276835,6300872,6327984,6348895,6426016,6506843,6521744,6578550|1128,138327,19729,512966
1063154|Franklin|Robertson|frobertson@example.com|SILVER|MOBILE:214-555-6730|5358250,5828319,5862919,5904079,5956255,6031610,6082061,6145203,6177780,6189550,6196059,6268921,6445357,6452652,6507643,6560347,6617573,6623294|599,63858,19471,350494
1065307|Gerald|Lance|gl1942@example.com|GOLD|WORK:408-555-1752|5011221,5196511,5352437,5380623,5410727,5463341,5531441,5666851,5893582,5976099,5992800,6048413,6111743,6162445,6458838|428,470019,42662,639932
1065308|Steven|Vergara|vergara64@example.com|SILVER|MOBILE:408-555-1799|5108492,5157704,5229209,5398004,5424524,5528855,5553814,5668985,5855034,5866247,5891704,5941187,6024462,6132669,6166167,6198080,6204991|2928,58086,24997,424952
1065594|Amelia|Leavitt|al1975@example.com|SILVER|HOME:915-555-5849|5364360,5483889,5789322,5855208,5857062,5891055,5895557,5901044,5933898,5942444,5961712,5993087,6003502,6109386,6205853,6218263,6243057,6263747,6278042,6314072,6339721,6411271,6479526,6507564,6569528,6639937|399,74898,23847,620038
1066182|Eric|Suggs|es1959@example.com|SILVER|WORK:408-555-5071|5029760,5245176,5361533,5443185,5531321,5586705,5663541,5827065,5862066,5951477,5979942,6048694,6191282,6195793,6322484,6359793,6431636,6570622|59,136108,25642,461564
1066560|Florence|Mccown|fmccown@example.com|SILVER|WORK:210-555-3660|5173687,5550696,5735225,5806069,5813910,5882109,5920583,5936930,5976615,6018436,6052699,6073871,6082814,6085580,6109433,6192050,6275102,6383336,6401852,6414586|1889,229329,24095,481910
1066915|Ryan|Mckay|ryan.mckay@example.com|SILVER|WORK:925-555-0603|5051771,5368771,5630915,5802344,5831969,5873573,6090490,6153331,6192769,6208204,6447431,6616497|3148,227848,37064,444768
1067237|Joesph|Cannon|joesph.cannon@example.com|SILVER|HOME:214-555-0521|5017322,5526002,5579979,5772310,5799183,5805721,5872995,5913170,5990750,6019036,6103984,6109282,6164496,6167164,6199494,6202894,6232671,6296158,6326575,6338217,6464899,6544158,6559448|1238,83338,19830,456111
1067758|Homer|Shipp|homer78@example.com|SILVER|HOME:214-555-2796|5135569,5787046,5839578,5850695,5855156,5877194,5949870,5983923,6051409,6067191,6165533,6167273,6359632,6380983,6432157,6442293,6526854,6623153|1928,137146,30101,541827
1070220|Charles|Benton|cb1971@example.com|GOLD|WORK:405-555-7094|5038956,5242097,5535250,5773056,5901028,5934639,5977179,6009371,6037310,6072523,6076630,6077207,6141440,6157098,6255163,6306513,6381057,6396990,6436407,6458873,6560481,6607951|2358,473897,39323,865113
1070567|Willie|Wagner|wwagner@example.com|PLATINUM|MOBILE:210-555-1692|5040414,5714730,5801470,5832280,5840228,5864200,5876873,5891510,5897183,5908759,5914981,6015470,6099554,6116281,6161726,6269641,6315346,6357221,6481600,6485838,6511352,6595308,6623665|509,472128,50632,1164549
1071060|Evelyn|Suarez|evelyn.suarez@example.com|SILVER|HOME:512-555-1943|5018819,5086482,5155463,5201929,5523836,5541337,5547924,5800909,5841252,5848419,5907500,5930213,6019466,6026356,6044754,6063131,6078041,6098547,6111011,6111878,6122835,6129940,6140652,6214863,6247557,6385599,6393987,6598548|509,72765,18250,511003
1071178|Philip|Baker|pb1989@example.com|SILVER|MOBILE:318-555-2609,WORK:318-555-7361|5017097,5793726,5970270,5992539,6096964,6116411,6120053,6176519,6179309,6185507,6200570,6216688,6219376,6316906,6330999,6396513,6498084,6535167,6582946|409,72987,21793,414070
1072233|Bonnie|Seiler|bseiler@example.com|SILVER|MOBILE:405-555-1667,WORK:405-555-6196|5049657,5385275,5523195,5813005,5857655,5904197,5906653,5920353,5948026,5950644,5954266,5964420,5974455,6009863,6037380,6052172,6096937,6097723,6116291,6133343,6149645,6151115,6287845,6381272,6514735,6562696,6575701,6644422|898,50029,14702,411657
1072386|Bobby|Donovan|bd1974@example.com|SILVER|MOBILE:469-555-8402|5772409,5779860,5852511,5994566,5996162,6020558,6044863,6143133,6172005,6342853,6347252,6484230,6643296|509,129219,30337,394385
1073739|Lester|Gabbard|lg1979@example.com|SILVER|MOBILE:415-555-5291|5375191,5425999,5609130,5616810,5799362,5927015,6021413,6123587,6194761,6347747,6565220|389,233375,37350,410856
1074500|Corinne|Lyman|corinne.lyman@example.com|GOLD|HOME:408-555-5687|5110910,5149368,5256772,5557589,5787353,5866156,5887811,5931107,6060572,6062597,6423964,6497612,6516015,6600848|309,471008,49296,690152
1074526|Nancy|Stephenson|ns1959@example.com|SILVER|HOME:214-555-9673|5560249,5831745,5843523,5849001,5861783,5865202,5883441,5941857,5947254,5993910,5998697,6086792,6087287,6184435,6199819,6327195,6382820,6393136,6393605,6395068,6396407,6425680,6485182,6543871,6608655|1688,65857,20727,518178
1075911|Andrea|Rollins|ar1979@example.com|GOLD|MOBILE:210-555-5565|5184473,5627647,5813664,5816766,5824874,5852867,5882577,5887660,5892965,5905876,5924239,5938177,5949414,5951630,5954374,6054755,6055189,6056332,6066058,6071708,6178087,6198491,6298061,6366494,6395687,6428556,6436045,6603156|1798,227908,28346,793694
1075969|Amanda|Browning|browning66@example.com|SILVER|MOBILE:650-555-2873|5170585,5252082,5295293,5397811,5441404,5490736,5556885,5749038,5774861,5851521,5894906,5985309,5994390,6068763,6159116,6161955,6307902,6523947|3388,49967,21772,391903
1076055|Howard|Mayo|hm1955@example.com|SILVER|MOBILE:701-555-4366,WORK:701-555-9869|5384212,5964474,5995496,6048534,6098294,6111434,6375025|3658,235498,51676,361738
1076614|Scott|Pressley|scott.pressley@example.com|GOLD|WORK:209-555-2543|5532319,5823758,5953857,6097812,6113666,6213455,6436999|1509,473037,77389,541724
1076911|Kenneth|Montoya|kenneth.montoya@example.com|SILVER|MOBILE:281-555-8959|5039233,5158916,5785594,5820408,5822647,5832092,5856369,5881574,5938003,5969850,6023166,6052720,6154315,6161157,6187667,6195294,6211675,6409871,6437022,6450056,6616809,6631873|539,55577,17307,380765
1078067|Anthony|Chatman|anthony.chatman@example.com|SILVER|HOME:210-555-1885|5001614,5319827,5513806,5790914,5906950,6027388,6035932,6058097,6064561,6071947,6125067,6188983,6191530,6278761,6327504,6381572,6479335,6484121,6557552,6565589,6569280,6589277,6610403|3019,61607,19468,447769
1079007|Lois|Gaither|lgaither@example.com|SILVER|MOBILE:214-555-3608|5324308,5423701,5775045,5819880,5820659,5838143,5852671,5857857,5900854,5917736,5935134,5948713,5961191,6027554,6103103,6111375,6139273,6216876,6413431,6448441,6473847|1338,51198,19674,413159
1079188|Isaac|Rath|isaac47@example.com|SILVER|HOME:682-555-0655|5322962,5407335,5407389,5643825,5660029,5800986,5899443,5906406,5955975,6006606,6014996,6061720,6163764,6212148,6227290,6237180,6249421,6342541,6352551,6358784,6428421,6439465,6493732,6511472,6512475,6631255|1418,88485,19265,500895
1081889|Garry|Cotten|garry43@example.com|SILVER|WORK:281-555-1188|5218390,5557903,5793474,5798827,5808922,6020120,6046968,6150856,6202305,6407985,6419984,6445643,6526494,6610489,6650946,6656131|1519,147278,27107,433727
1082432|Paula|Beasley|paula.beasley@example.com|GOLD|MOBILE:510-555-1429,HOME:510-555-3785|5146709,5191072,5335990,5350960,5498752,5668394,5720020,5756278,5913323,5913908,5962002,5988846,6100820,6132667,6285802,6310747,6367201,6371696,6510552,6528719,6628225|489,471917,34994,734888
1082876|Debbie|Williams|debbie.williams@example.com|SILVER|MOBILE:210-555-8098|5836681,5860579,5925233,5946298,5976260,6077936,6102929,6126135,6139131,6164125,6223771,6386308,6425785,6541890,6543471,6611360,6612751,6638577|1388,235356,26975,485555
1082991|Joseph|Lee|jl1973@example.com|SILVER|MOBILE:512-555-4017|5191811,5357865,5749944,5888984,5894619,5896546,5900569,5935334,5937665,5942201,5987806,6059526,6063700,6162179,6202417,6212198,6229215,6438338,6439625,6458062,6460873,6482154|1588,106025,18414,405111
1083370|Anna|Eugene|aeugene@example.com|SILVER|WORK:210-555-4025|5282056,5834659,5913053,5953736,6021170,6052230,6065285,6091195,6115966,6158963,6160539,6187023,6191916,6198628,6259771,6335054,6389624,6446710,6622044,6662052|119,233528,29343,586877
1085350|Maxine|Braxton|maxine.braxton@example.com|GOLD|WORK:916-555-9585|5061193,5331073,5666643,5803334,5987578,6065620,6104329,6150452,6215734,6370687,6485685,6600395|1939,470019,60351,724219
1085717|Jonathan|Wood|jwood@example.com|SILVER|MOBILE:512-555-0687,HOME:512-555-8774|5341683,5403076,5587349,5779447,5787085,5847174,6000785,6002144,6065144,6076349,6084923,6107529,6113668,6116106,6170928,6177783,6191930,6268386,6283407,6288807,6288965,6352403,6442235,6463249,6485561,6528185,6618164|59,229748,25245,681639
1086514|Maria|Maldonado|maria51@example.com|SILVER|MOBILE:210-555-4791|5789900,5871459,5907698,5942347,6006583,6009256,6027429,6039657,6040984,6045481,6119761,6202087,6388996,6456318,6480442,6633551|399,105778,22330,357292
1086585|Aldo|Cooper|aldo.cooper@example.com|SILVER|MOBILE:504-555-4174|5300494,5444316,5698606,5775276,5831523,5921859,6025843,6047881,6048556,6099942,6108166,6175426,6209075,6318822,6321461,6337862,6390480,6548683|709,229329,23899,430194
1086600|Henry|Burt|hb1969@example.com|GOLD|WORK:209-555-7278|5026823,5138649,5231337,5305619,5321774,5410241,5563858,5810415,5903861,5944181,6029071,6034465,6083500,6085500,6175522,6363856,6428439|579,477808,40509,688669
1088708|Marie|Shelton|marie50@example.com|SILVER|HOME:915-555-8871|5622058,5641240,5778719,5797210,5816631,5935174,5950499,5999499,6063286,6065639,6080414,6082492,6135201,6200273,6208997,6274164,6310994,6333319,6346734,6394468,6418433,6440165,6500811,6511228,6521372,6592991,6627349|119,49268,17211,464717
1089125|Robert|Finley|robert.finley@example.com|SILVER|WORK:915-555-4321|5779400,5821238,5864147,5907531,5937070,5959705,5981626,6011369,6036123,6037156,6129752,6163755,6170926,6225890,6312421,6384409,6388254,6401155,6486423,6517554,6531699|559,61478,20559,431746
1089298|Dominique|Wood|dw1962@example.com|SILVER|WORK:318-555-4571|5774099,5806228,5926565,5947073,5999683,6136835,6142224,6175485,6244410,6246254,6372271,6373303,6621458|2278,230848,33742,438653
1090492|Paul|Barry|pbarry@example.com|GOLD|MOBILE:916-555-7101,HOME:916-555-0890|5232979,5250048,5697250,5798847,5805664,5878275,5906986,5996179,6088860,6549661,6637246|859,479757,59324,652570
1090798|Gregory|Knox|knox44@example.com|SILVER|WORK:408-555-6544|5005414,5033614,5144719,5167179,5263943,5386018,5473453,5541939,5589221,5649784,5671326,5703668,5744877,5921152,6010794,6012298,6036696,6040568,6114717,6132287,6196601,6243045,6430944,6514050,6595638|1138,229329,23385,584629
1091904|Ronald|Ruppert|ruppert46@example.com|SILVER|MOBILE:515-555-9010,HOME:515-555-9786|5216132,5811136,5856743,5934243,5941059,5952402,6001372,6036599,6457721,6507420|4299,228508,40888,408881
1092184|Jennifer|Rankin|jr1985@example.com|SILVER|WORK:915-555-4520|5257890,5673972,5780841,5817288,5835477,5861198,5915771,5917313,5969886,6027134,6027173,6027907,6032096,6189827,6215487,6217573,6308907,6450838,6483629,6518477,6586863,6646750|49,78986,19317,424989
1093951|Andy|Buckley|abuckley@example.com|SILVER|MOBILE:210-555-3754|5595266,5787078,5801601,5807367,5824127,5912168,5919895,5926959,6107421,6108486,6149903,6178667,6185835,6199749,6200824,6221733,6269043,6318279,6465089,6468037,6611841,6628000,6641347|499,129238,17268,397166
1094009|Alton|Chisholm|alton.chisholm@example.com|SILVER|MOBILE:682-555-4199,HOME:682-555-6279|5733495,5771970,5787111,5800857,5825284,5866607,5893423,5984930,6031136,6047712,6084010,6099724,6140819,6161304,6205291,6206587,6346924,6375053,6416054,6472198,6480546,6649701|928,52518,21277,468111
1094143|Tammy|Lewis|tammy.lewis@example.com|GOLD|WORK:209-555-3499|5061515,5076083,5147641,5166986,5221889,5236235,5262506,5352150,5646626,5691627,5740670,5773097,5801867,5984816,6002459,6042569,6163978,6371471|2289,491246,34628,623305
1094596|Moses|Vandusen|moses.vandusen@example.com|SILVER|HOME:915-555-2991|5042798,5207175,5234534,5241160,5462941,5524839,5720597,5746049,5812646,5874789,5888271,5896886,5920078,5938207,5944567,5953790,6020166,6067245,6080938,6096958,6104879,6112026,6184559,6190196,6216640,6256079,6306441,6333032,6354036,6437030,6652067|829,52146,14522,450207
1094892|William|Spence|william.spence@example.com|SILVER|MOBILE:916-555-0917|5049095,5085926,5401384,5509776,5861802,5862920,5941488,5989064,6005051,6036955,6067684,6314964,6391102,6441307,6586646|3998,229838,31887,478315
1095342|Dorothy|Langford|dorothy.langford@example.com|SILVER|WORK:918-555-3521|5305675,5641125,5649549,5684647,5789928,5821966,5824357,5825250,5920555,5954663,6009738,6092291,6104096,6130257,6210487,6218814,6249583,6272150,6272900,6282744,6339332,6372522,6448064,6469931,6475305,6610988,6642040|1448,508018,42225,1140086
1097056|Anthony|Romero|aromero@example.com|SILVER|MOBILE:915-555-3662,HOME:915-555-5036|5015522,5413342,5542533,5718874,5825230,5880927,5949087,5963562,5972413,6040330,6091780,6144869,6152424,6223462,6234559,6289570,6356317,6394126,6584378|409,148413,22698,431276
1097634|Lupe|Nixon|lnixon@example.com|GOLD|MOBILE:916-555-0025|5115345,5136318,5187189,5304053,5462748,5505658,5539552,5618456,5748018,5772848,5854120,5965928,5968294,5973078,5989401,6036565,6638656|469,474358,44983,764712
1098208|Katherine|Gonzales|kg1974@example.com|SILVER|MOBILE:936-555-9529|5029119,5891499,5903128,6047123,6050893,6088671,6105842,6129735,6152219,6177361,6197426,6267348,6293983,6342757,6415718,6441160,6569776,6644348|2009,128157,28992,521859
1098554|Rosa|Seaton|rs1962@example.com|SILVER|WORK:903-555-3225|5550457,5808701,5809408,5850690,5916013,5949321,5968655,6015263,6098177,6168220,6198291,6217328,6301874,6346451,6494039,6500397|2388,79969,24406,390511
1099004|Billy|Dooley|bd1958@example.com|SILVER|MOBILE:414-555-0526|5058685,5061592,5250462,5424612,5427791,5866163,5992061,6046176,6059485,6065056,6176813,6361209,6449593,6557550,6609058|1188,246767,27376,410642
1099125|Brandon|Bloom|bb1957@example.com|SILVER|WORK:415-555-7742|5081844,5098017,5202043,5204883,5339025,5545346,5549816,5578573,5633873,5688075,5791643,5924131,6048883,6115737,6121115,6309479,6611814|998,229638,22867,388741
1099670|Deborah|Ingram|di1961@example.com|SILVER|MOBILE:318-555-5662,HOME:318-555-4842|5492763,5679548,5735402,5790535,5844127,5882763,5897272,5903810,5925287,6009545,6050903,6068028,6079746,6083844,6113983,6175092,6193810,6301807,6394849,6486491|2558,46777,21147,422947
1099897|David|Martines|dm1976@example.com|SILVER|HOME:214-555-7400|5378102,5520022,5800649,5836109,5846177,5968354,5991448,6000222,6007341,6029337,6128681,6172634,6186991,6213543,6240427,6287655,6428211,6434500,6443993,6500168,6576289|1488,50029,16311,342547
1100254|Antonio|Robertson|ar1979@example.com|GOLD|WORK:415-555-7900|5280972,5414079,5437553,5679889,5784916,5923602,5945037,6151466,6194309,6254702,6457765,6494646,6650955|1239,470019,47658,619556
1103810|Ernest|Zimmerman|zimmerman46@example.com|GOLD|WORK:701-555-7511|5062109,5100978,5123559,5426408,5569881,5703084,5851898,5960938,5966514,5992361,6147670,6204143,6206795,6361864,6372809,6377845,6381343,6383923,6406631,6462377|119,493048,46831,936635
1104715|Robin|Erickson|re1981@example.com|SILVER|MOBILE:408-555-9783|5150847,5208042,5951340,5997053,6015937,6036232,6178407,6212471,6247417,6275629,6286296|4908,229058,33302,366332
1105908|Betty|Elmore|be1946@example.com|SILVER|MOBILE:918-555-0259|5748010,5817474,5829370,5906598,5958618,6040494,6047318,6080225,6127199,6151570,6174090,6337471,6340514,6425491,6486814,6523628|119,229738,27271,436344
1106174|Marilyn|Pace|marilyn69@example.com|SILVER|MOBILE:303-555-3285|5287928,5398971,5484387,5628036,5730630,5793089,5832679,5914921,6072989,6155958,6272231,6530543,6592157,6610571|1698,231618,28065,392919
1106442|Matthew|Ahern|ahern80@example.com|SILVER|HOME:210-555-1278|5274338,5278921,5798594,5816415,5851866,5969509,5973178,6070543,6107981,6130543,6142383,6198582,6295234,6318175,6421759,6515912,6583080,6611569,6622025,6650182|3168,231148,31848,636960
1106760|Maria|Blake|mb1966@example.com|SILVER|HOME:719-555-5079|5290408,5803006,5872664,5939214,5952762,5970848,6102766,6179693,6532749|5939,235007,56135,505223
1107914|Loyd|Coulter|lc1981@example.com|SILVER|HOME:701-555-3860|5141795,5318930,5337974,5416709,5503748,5595511,5847105,5901855,5969732,6106086,6168232,6394404,6411472,6412045,6581228|2888,130478,31003,465048
1108564|Jennifer|Anderson|jennifer.anderson@example.com|SILVER|HOME:209-555-0383|5014645,5402136,5506919,5542049,5619782,5788069,5804778,5811906,5859535,5976445,6163011,6224301,6578156|1969,131217,23159,301071
1108932|Teddy|Blodgett|tb1943@example.com|SILVER|HOME:214-555-0202|5212283,5536145,5878752,5884909,5920011,6054578,6166565,6172996,6318370,6348279,6359997,6377360,6445470,6464941,6488821,6569577,6581652,6640954|2268,419297,45957,827231
1109063|Ivan|Horner|ih1988@example.com|SILVER|MOBILE:209-555-6472,HOME:209-555-9679|5144017,5300206,5816680,5852197,5887039,5931704,6022831,6074515,6090869,6100977,6204296,6224547,6275929|879,229329,33428,434565
1109253|Tommie|Ratliff|ratliff59@example.com|GOLD|MOBILE:402-555-1095|5004513,5171406,5236143,5280007,5480521,5549202,5630657,5809918,5870764,6047209,6124175,6125294,6140590,6183424,6216933,6270851,6659147|489,471218,47776,812197
1109484|Roberto|Burnside|roberto.burnside@example.com|SILVER|HOME:510-555-0476|5266022,5300483,5478590,5704695,5791928,5794362,5829141,5858512,5977053,6000534,6113154,6152157,6189772,6282347,6283121,6547013,6601906,6623501|1309,130188,31064,559164
1110062|Tonya|Belcher|tbelcher@example.com|SILVER|HOME:415-555-3687|5126169,5272839,5356065,5513374,5538125,5676159,5682195,5808370,5851097,6089803,6159307,6171423,6411082,6473106|119,232348,30693,429715
1110835|Judy|Kraus|judy.kraus@example.com|SILVER|MOBILE:318-555-4440|5023159,5038039,5052459,5122599,5552264,5720168,5774659,5824427,5855766,5857966,5901066,5935685,5948624,6089420,6146833,6180954,6206899,6258674,6361294,6416647,6425505,6528661,6570580,6634074,6639687|2009,232348,25051,626278
1110949|John|Larsen|john.larsen@example.com|SILVER|MOBILE:916-555-3219|5006291,5160889,5188970,5245193,5271080,5328450,5353631,5460923,5568650,5576056,5667410,5735987,5840735,5865068,5982356,6111572,6145684,6191886,6412680|619,227558,25581,486057
1111180|Beth|Blanco|bblanco@example.com|SILVER|WORK:916-555-7539|5160232,5192929,5407775,5528343,5542311,5687790,5745409,5841348,5894290,5939403,5967966,6060532,6214496,6528430|2138,228627,24224,339142
1111347|Michael|Cash|mcash@example.com|SILVER|HOME:612-555-0796|5019535,5352802,5394785,5401704,5423124,5536630,5891919,5929428,5997026,6012736,6207494,6386277,6410620,6565155|3268,229728,34766,486724
1111503|Louise|Russo|lr1956@example.com|SILVER|MOBILE:916-555-1308|5124815,5308077,5431052,5610376,5704352,5745899,5788169,5939315,5950938,6072367,6195974,6229377,6301527,6617186|1509,227269,25260,353644
1112416|Christina|Bridges|christina.bridges@example.com|SILVER|MOBILE:408-555-6354|5361228,5520661,5556338,5885244,5918537,6014241,6033613,6194229,6231979|2388,267328,43382,390443
1112955|Gerry|Jaramillo|gerry80@example.com|SILVER|WORK:415-555-4847|5044495,5133462,5138390,5320492,5388961,5558800,5707918,5712004,5730214,5754829,5825676,5881956,5884624,5923650,5946214,5954525,5969274,6227413,6413487|1928,237028,27766,527567
1113226|Ashley|Kellogg|akellogg@example.com|SILVER|MOBILE:612-555-3899|5596366,5640315,5818813,5851485,5910478,6046440,6095994,6099709,6209278,6479220,6484813,6563709|1279,267328,31857,382289
1113621|Maria|Knight|maria.knight@example.com|SILVER|WORK:210-555-9110|5335814,5672445,5774813,5791902,5825578,5896393,5914561,6002529,6005476,6049938,6079484,6119417,6143930,6170285,6210195,6236737,6315351,6460436,6487360,6491743,6574513,6661698|1309,93646,25170,553761
1113917|Justin|Hemphill|jhemphill@example.com|SILVER|WORK:510-555-5936|5010814,5359181,5427403,5449953,5533845,5555666,5629681,5785985,5811880,5876300,6134590,6201199,6204659,6217281,6303247|619,178288,26638,399579
1115408|Muriel|Curley|mc1971@example.com|SILVER|MOBILE:281-555-6835,WORK:281-555-3246|5183106,5290382,5878218,5944345,5947385,5975257,6045989,6052491,6112617,6126745,6129571,6241118,6373055,6446591,6451160,6486745,6557129,6649128|1358,129219,23113,416041
1115411|Anita|Foley|af1992@example.com|SILVER|WORK:415-555-6234|5202954,5507676,5698813,5723115,5802375,5884266,5887345,5898317,5990482,6009693,6055491,6065923,6076458,6385838,6512634,6640155|1368,132357,25039,400632
1115602|Theodore|Whiting|whiting47@example.com|SILVER|MOBILE:415-555-5249|5051789,5101273,5343129,5421225,5530030,5561041,5574470,5604720,5851073,5869504,5902161,5937709,6148945,6193171,6205863,6261866,6371909,6377855,6422275,6533402,6588324,6653652|119,232018,27324,601144
1117049|Sara|Silas|silas59@example.com|SILVER|MOBILE:209-555-8158,HOME:209-555-4163|5050683,5058707,5405770,5541874,5786687,5927250,6046390,6128548,6141549|419,229329,33155,298397
1117363|Shirley|Douglas|shirley.douglas@example.com|SILVER|HOME:209-555-8176|5221146,5444235,5478609,5570057,5576159,5868893,5891753,5913325,6064816,6069090|39,230078,43974,439749
1117700|Ned|Selby|nselby@example.com|SILVER|HOME:915-555-2765|5692905,5809103,5835240,5860727,5868150,5874233,5879347,5944195,5995718,6013755,6026818,6039462,6049881,6106087,6168701,6169626,6177709,6214821,6338172,6364148,6449709,6535586,6536118|4647,157957,22549,518649
1117739|Kara|Perryman|kara.perryman@example.com|SILVER|MOBILE:504-555-2863|5045983,5777045,5797689,5844136,5857078,5858141,5864287,5944370,5991688,6013099,6040335,6060354,6091624,6118907,6144634,6162093,6164898,6188255,6217594,6222834,6263817,6269702,6464360,6533345,6581288,6595239|509,56817,15707,408402
1117806|Terry|Hopson|terry.hopson@example.com|GOLD|WORK:303-555-1205|5091759,5131635,5526701,5575224,5855923,5927840,5965396,6015754,6103546,6197527,6230791,6274475,6294883,6359873|629,519088,52125,729754
1117869|Crystal|Segura|crystal.segura@example.com|SILVER|WORK:415-555-1290|5228937,5247643,5391252,5534154,5896312,5932036,6072222,6137122,6181145,6208666,6560728|8258,157538,29075,319827
1118397|Eugene|Ingram|eugene.ingram@example.com|GOLD|HOME:415-555-8394|5044649,5137578,5206468,5215617,5273269,5338225,5367186,5616834,5736854,5945346,5965761,6007499,6065680,6164732,6334681,6570678|1889,471458,45482,727712
1118801|Loyd|Batista|batista44@example.com|SILVER|HOME:318-555-4671|5786187,5799311,5924198,5975657,5977164,5987050,6003943,6024133,6045271,6085113,6091410,6123625,6125623,6195955,6225864,6299613,6349882,6451289,6493639,6505326,6628423,6638984,6644101|39,92945,22822,524926
1119764|Nicole|Cooper|nicole.cooper@example.com|SILVER|MOBILE:214-555-9873,HOME:214-555-9436|5510505,5661544,5794322,5809756,5862930,5873702,5895776,5922988,5927233,5988854,6015184,6063830,6158276,6181934,6267138,6281789,6341570,6408093,6421880,6529465,6557298,6608860,6627027,6656638|2158,104438,28083,674010
1119866|Angelica|Coles|angelica.coles@example.com|SILVER|MOBILE:408-555-8283,HOME:408-555-4941|5093933,5321427,5384984,5418676,5467789,5650563,5655983,5751883,5807023,6042503,6048492,6049110,6153163,6193478,6289360,6347650,6452907|2628,239248,32045,544777
1120481|Elizabeth|Mcclure|elizabeth.mcclure@example.com|SILVER|HOME:303-555-8188|5043094,5271247,5274430,5496410,5861602,5880999,5927567,5930344,5974852,5982054,6084119,6491042,6522370|1658,227808,27966,363565
1120668|Verna|Crow|vc1992@example.com|SILVER|HOME:415-555-5901|5156666,5284144,5366111,5424100,5683032,5919096,6069325,6145673,6206716,6216810,6435179|1368,238097,31899,350890
1120922|Rose|Bishop|rbishop@example.com|SILVER|WORK:504-555-6439|5167302,5325941,5805152,5861592,5871322,5978146,5987310,6020302,6021083,6046997,6079704,6092582,6102384,6126112,6130997,6205728,6214603,6363366,6375581,6447595,6460679,6497485|119,135627,19450,427908
1122038|Ernest|Vaughn|evaughn@example.com|GOLD|MOBILE:209-555-5760|5226019,5236474,5257532,5851363,6021078,6065850,6066357,6137761,6392321,6649845|299,472848,64374,643741
1123702|Allan|Jack|ajack@example.com|SILVER|MOBILE:415-555-5624|5007806,5055851,5192117,5241710,5255348,5300164,5305998,5436446,5682052,5866470,5934495,5952944,5962409,6020997,6214569,6216937,6281490,6368954,6504544,6540760|2978,132228,24011,480238
1123982|Amy|Joyce|amyj@example.com|PLATINUM|MOBILE:763-555-0975|5456427,5579007,5658126,5779487,5823300,5937696,6038305,6071609,6084406,6354445,6554204,6573931,6629847|4059,499738,89114,1158493
1124992|Gary|Mallory|gary.mallory@example.com|SILVER|MOBILE:405-555-0147|5220318,5384200,5536683,5794405,5859991,5877112,5889505,5918088,5946556,5987425,6009120,6023632,6036185,6069598,6174190,6210165,6216607,6504206,6506696,6517583,6518669,6556713,6559337,6609610,6642404|2128,67598,19601,490034
1125088|Lisa|Galindo|lgalindo@example.com|SILVER|MOBILE:916-555-7934,HOME:916-555-0300|5058505,5171047,5254837,5332835,5511558,5569563,5703754,5724427,5844778,5966666,5967028,6083433,6164640,6322471,6425786,6538688,6587289|1208,228788,29521,501868
1125663|Norma|Herring|norma.herring@example.com|SILVER|WORK:415-555-9182|5050485,5340880,5535455,5591908,5592061,5603764,5605281,5664852,5780890,5830107,5832738,5899359,6019648,6029897,6048123,6361975,6451141|379,227269,27576,468804
1125978|Dennis|Taylor|dtaylor@example.com|SILVER|HOME:415-555-1836|5090724,5107447,5112229,5289838,5314913,5358478,5736096,5795094,5802145,5807427,5834005,6077698,6114924,6120538,6219755,6519929|2349,236658,24131,386109
1125988|Gilda|Carr|gilda.carr@example.com|GOLD|HOME:210-555-1782|5017033,5117417,5220800,5520189,5525294,5809074,5832563,5882642,5951045,5963134,6057721,6074192,6131034,6173151,6173385,6182143,6384622,6489455,6527667,6533133|2098,471928,33216,664321
1126214|Cynthia|Todd|ctodd@example.com|SILVER|HOME:217-555-4377|5229416,5656325,5712934,5809850,5847017,5874364,5905335,6143472,6149420,6511166,6533605,6565787|998,129219,31817,381809
1126892|Garland|Vogt|garland.vogt@example.com|SILVER|MOBILE:512-555-0741|5359295,5773961,5806165,5835122,5840713,5868636,6030850,6034637,6224949,6255228,6266016,6280199,6400125,6414501,6510746,6512164,6513954,6595319,6639226,6640025,6648879|1529,235168,29811,626046
1127632|Jesse|Coates|jcoates@example.com|SILVER|MOBILE:405-555-8390,HOME:405-555-5396|5214554,5266293,5828783,5850919,5997893,6030931,6036573,6061051,6100041,6106584,6139928,6173779,6175898,6202392,6282982,6292574,6323805,6344558,6380499,6389484,6508994,6555275,6659144,6660148|2778,134588,21136,507273
1128968|Trent|Weed|tw1959@example.com|SILVER|MOBILE:423-555-4940,HOME:423-555-0871|5150562,5185467,5223279,5456084,5562831,5653364,5676268,5740942,5823812,5826446,5865074,5992421,6086197,6608302|938,229329,40328,564593
1129786|Martin|Goins|mg1980@example.com|SILVER|MOBILE:214-555-2018|5240211,5257617,5441439,5723586,5779639,5786462,5929686,5950763,5992964,6010734,6039628,6072437,6072923,6111405,6122599,6125196,6202167,6222290,6265037,6364181,6380351,6439507,6447599,6466715,6636814|1828,231948,20990,524770
1130122|Brandon|Nolan|brandon.nolan@example.com|SILVER|MOBILE:281-555-7283,HOME:281-555-9284|5015392,5476341,5500135,5737630,5780953,5781521,5800043,5804967,5866520,5890546,5900123,5914548,5921489,5938361,6002774,6052207,6141400,6145764,6179384,6204300,6218281,6241199,6252169,6259974,6335674,6344406,6403396,6515018,6532895,6572533,6590223|1258,478797,32904,1020027
1130142|Patricia|Baxter|pbaxter@example.com|GOLD|MOBILE:701-555-3595|5077641,5122598,5146306,5179904,5297256,5374724,5438000,5453856,5612195,5780664,5799714,5947094,5978729,6043641,6155382,6597592|29,486046,42703,683254
1130326|Cliff|Dawkins|cliff.dawkins@example.com|GOLD|MOBILE:303-555-9750,HOME:303-555-0773|5011179,5109008,5113118,5167537,5552868,5585797,5686947,5748122,5797056,5819427,5834398,5849837,5966132,6087553,6240536,6480032,6496552|1598,470398,42507,722633
1130712|Max|Cleaver|mc1953@example.com|SILVER|HOME:915-555-4101|5593761,5692943,5700102,5788703,5812657,5842798,5875489,5888831,5934953,5994565,6048237,6138059,6166347,6331097,6398004,6400093,6449929,6566524|389,165047,27749,499486
1131751|Maria|Dockery|mdockery@example.com|SILVER|MOBILE:281-555-5567,HOME:281-555-1656|5675364,5681772,5811067,5833876,5859483,5876581,5893842,5913188,5938464,5985312,5987037,6005877,6015094,6051473,6074159,6080523,6121750,6154025,6180975,6198009,6410266,6415719,6446665,6527057|119,228788,19154,459702
1133077|Blanca|Kendall|blanca89@example.com|SILVER|MOBILE:701-555-7699|5070216,5632351,5736638,5826923,5897635,6011087,6063473,6211639,6287195,6357112,6400761|1698,230288,33492,368414
1133525|Kathy|Padilla|kathy.padilla@example.com|SILVER|MOBILE:707-555-9339,WORK:707-555-0892|5023706,5135528,5230007,5396024,5423515,5501824,5784692,5887575,5951586,5960198,6036216,6086739,6099814,6146734,6245209,6447886,6451798,6616567|1148,227269,29266,526795
1133687|Francine|Thomas|francine.thomas@example.com|SILVER|HOME:605-555-1334|5371404,5590771,5842205,5976996,6124041,6136400,6150457,6426400,6477579,6493761,6604820|919,227269,31909,351009
1133890|Thomas|Fiedler|thomas.fiedler@example.com|SILVER|MOBILE:254-555-8064|5177397,5854769,5886497,5888421,5909486,5951964,5971172,5998660,6036751,6037928,6046765,6147553,6179209,6192105,6195418,6294466,6329350,6503374,6513505,6596030,6615054|379,129219,26640,559450
1133915|Shelby|Butler|sb1980@example.com|SILVER|HOME:504-555-0528|5542826,5555195,5718374,5772862,5917177,5927544,5947067,6013143,6019076,6066536,6109751,6160841,6215170,6217248,6227247,6423074,6428355,6521171,6542540|629,129219,22798,433176
1134139|Nicolas|Maki|nicolas57@example.com|SILVER|HOME:415-555-0093|5029850,5068688,5278680,5313757,5485981,5628006,5700166,5795291,5817051,5855207,5858797,5971470,5982632,6041846,6094955,6100423,6280922,6378174,6414787,6485915,6505200,6606509,6633888|1689,472208,49926,1148319
1134892|Thomas|Lockett|thomas.lockett@example.com|SILVER|HOME:504-555-6833|5821799,5890869,5892453,5916114,5962541,5980192,5997468,6000795,6009463,6043961,6050924,6365861,6373687,6392537,6411693,6421119,6421614,6512049,6595947,6639752|1578,229158,25857,517153
1136760|Michelle|Dillard|md1947@example.com|SILVER|MOBILE:916-555-3120,HOME:916-555-3992|5255820,5409732,5525983,5588246,5703052,5778421,5781505,5802584,5803332,5807161,5859619,5867063,5883631,5959785,6001739,6002075,6445927,6641958|798,114418,17130,308340
1137583|Cecile|Ramos|cr1972@example.com|GOLD|WORK:918-555-1543|5472226,5548334,5625031,5813227,5855614,5864095,5884308,5891024,5955364,6051711,6070484,6178096,6266051,6283389,6284268,6501544,6569459,6639701|19,477948,40755,733602
1137871|Mark|Wilcox|mark.wilcox@example.com|SILVER|WORK:504-555-8034|5033289,5191537,5781490,5783751,5814892,5839965,5868940,5926544,5955246,5958789,5971899,6041706,6059441,6194089,6198049,6300856,6353520,6392772,6487901,6590440,6641145|599,86708,21790,457608
1140025|Charles|Moran|cmoran@example.com|SILVER|MOBILE:915-555-8509|5122178,5388814,5787220,5961765,5969749,5986888,6042349,6052545,6130361,6151080,6169949,6297124,6301251,6311083|778,88538,19928,279004
1140605|Joanne|Ponder|jponder@example.com|SILVER|MOBILE:650-555-9015|5016237,5148615,5161662,5242922,5256021,5331385,5488225,5515760,5534327,5593246,5846073,5898328,5945601,5955401,5970994,6059735,6059933,6079877|119,235077,24872,447710
1140816|Roberta|Savage|rsavage@example.com|SILVER|HOME:916-555-4061|5170934,5203812,5354500,5636924,5927447,5994016,6082851,6102748,6211158,6335323,6395359,6439896,6460719,6490719|1298,229329,30339,424753
1141157|Alma|Horn|alma.horn@example.com|SILVER|WORK:214-555-4331|5161111,5235015,5243983,5442963,5752728,5836099,5884835,5886494,5920306,5927094,5937932,5991839,6005036,6027358,6053250,6074975,6087741,6117330,6142855,6143792,6164281,6191354,6220957,6292743,6300261,6332313,6335457,6414968,6435294,6647448|399,53175,14993,449796
1141167|Reuben|Munguia|munguia66@example.com|GOLD|HOME:469-555-0320|5336440,5573795,5844689,6071094,6086549,6117191,6182814,6197810,6203182,6213765,6221673,6232275,6300785,6339858,6507485,6533089,6546629,6634960,6646746|2408,478268,48160,915057
1142390|Teresa|Snyder|teresa45@example.com|SILVER|HOME:682-555-0918|5467309,5768815,5810918,5901420,5901505,5909674,5948160,5974728,6054800,6096513,6111419,6121265,6136450,6193972,6197915,6200978,6207222,6244957,6286998,6348437,6410725,6533359|399,67647,19211,422660
1143704|Christina|Lower|clower@example.com|SILVER|WORK:915-555-6861|5149008,5351391,5871206,5886689,5928557,5932627,5970488,6017858,6040477,6050443,6074488,6090589,6110719,6131276,6140828,6158692,6249322,6274782,6325688,6355736,6452195,6479129,6480185,6523721,6536175,6644414|169,87328,16816,437217
1144624|Teri|Taylor|teri.taylor@example.com|SILVER|HOME:415-555-9489|5003552,5316931,5403021,5465012,5581798,5694782,5820717,5868018,5894261,5932368,6004487,6017999,6093984,6153687,6353654,6386394,6507847|2529,230578,25503,433566
1144910|Deborah|Halter|halter80@example.com|SILVER|MOBILE:707-555-2458|5051114,5326953,5535521,5814111,5815750,5897477,5912083,5925244,5987091,6129282,6137999,6308024,6490008,6521699|4199,81336,27278,381902
1145592|Charlie|Hurley|ch1958@example.com|SILVER|HOME:209-555-2321|5378967,5630514,5726028,5795997,5891406,5946708,6016261,6040823,6056563,6456369|399,470019,51944,519445
1145718|Meredith|Bowles|mb1948@example.com|SILVER|MOBILE:217-555-9061|5447828,5463976,5746567,5892364,5893161,5953758,6053039,6067446,6207410,6402098,6530917,6647272|119,132947,25717,308613
1146533|Roger|Belden|roger.belden@example.com|SILVER|MOBILE:916-555-7441|5185188,5366727,5417305,5549457,5553697,5574236,5747811,5751660,5825180,6006727,6027450,6058395,6096450,6158231,6339237|399,231438,30961,464419
1146962|Heidi|Cantrell|hcantrell@example.com|SILVER|HOME:512-555-8844|5309060,5393183,5810538,5817462,5848052,5852462,5854623,5881912,6020659,6074632,6076761,6076964,6078990,6085908,6186727,6198178,6209449,6220444,6241254,6279382,6305531,6551172,6572930,6585914,6635555,6641579|1948,100477,16385,426035
1148096|Bob|Riley|br1959@example.com|SILVER|HOME:707-555-6203|5019720,5287333,5412208,5572712,5594814,5696949,5741927,5813303,5890219,5954894,5974967,6083162,6225818,6227111,6274408,6358567,6435369|859,229928,24702,419940
1148332|Bonnie|Morrell|bm1954@example.com|SILVER|HOME:701-555-4238|5080128,5114684,5221903,5738125,5757308,5804712,5822447,5843139,5892752,5941775,5944880,6042336,6127758,6174420,6190589,6418877,6536967|3508,154915,27863,473673
1149027|Randy|Casillas|randy.casillas@example.com|GOLD|WORK:214-555-8441|5472714,5773565,5837451,5856050,5876109,5882176,5894514,5907536,5919275,5921613,5962422,6006678,6007724,6032293,6045934,6068697,6074881,6082541,6104524,6120619,6122249,6251831,6495074,6501113,6533240|809,227269,27537,688430
1149133|Ramon|Vaughan|ramon.vaughan@example.com|SILVER|HOME:605-555-8065|5076998,5169000,5211432,5310250,5404602,5408037,5427106,5628613,5651185,5692694,5746561,5808423,5979754,6040489,6055997,6167720,6502455,6598094,6649315|1289,229798,35023,665441
1150746|Wilbert|Vu|wv1951@example.com|GOLD|HOME:918-555-3720|5702891,5807134,5859869,5906525,5914438,5925895,5930002,5952063,5966645,5973411,5974213,6004814,6098056,6100931,6132091,6141844,6155380,6184091,6214322,6244046,6481413,6581418|1088,228078,30431,669496
1151252|Bonnie|Hartsfield|bh1950@example.com|GOLD|MOBILE:719-555-2518|5171084,5365157,5378950,5429567,5576109,5666256,5726488,5806719,5867938,6054188,6090341,6145822,6448001|419,472148,60249,783242
1151342|Joyce|Kato|joyce.kato@example.com|SILVER|HOME:214-555-2026|5490405,5617657,5734691,5809636,5833562,5859135,5888275,5890827,5917703,5949459,5953616,5979619,6004956,6058940,6079196,6085286,6146944,6181276,6189050,6234626,6262725,6318882,6333308,6342288,6562156,6602903|1949,62948,16236,422148
1151387|Michelle|Wise|mw1941@example.com|SILVER|MOBILE:337-555-7170,HOME:337-555-0069|5453651,5487647,5676944,5783752,5838217,5912545,5929481,5930535,5942389,5957318,5959297,5967541,6084013,6124544,6209870,6349104,6376854,6400092,6507381,6565027,6570128,6593139|1889,84666,22232,489122
1152726|Jamie|Fetter|jamie79@example.com|SILVER|HOME:405-555-9204|5421590,5829282,5869373,5903803,5911687,5974669,6020911,6043883,6102299,6106403,6124964,6136486,6139641,6160790,6224305,6614382|409,40297,18857,301720
1152859|Jennifer|Hansen|jh1975@example.com|SILVER|HOME:936-555-6745|5662868,5701581,5798068,5842384,5899447,6004820,6012051,6100352,6106930,6109729,6116310,6215003,6223451,6290791,6309912,6388643,6429273,6474002,6521097,6538724,6612805|809,68576,27379,574979
1153271|Lila|Burkhart|lila.burkhart@example.com|SILVER|MOBILE:406-555-0339|5062282,5140460,5214177,5566220,5726120,5754369,5789265,5801056,5802676,5924539,5957460,6020379,6174929,6269063|299,231518,32113,449584
1153705|Rod|Russell|rod.russell@example.com|SILVER|WORK:916-555-4994|5085447,5427559,5590318,5986857,5994941,6047079,6181154,6182649,6239229,6292452,6434276,6456447|119,146077,33978,407744
1154719|Valerie|Garrett|vg1976@example.com|SILVER|MOBILE:281-555-7446,HOME:281-555-9213|5443521,5516628,5852072,5879178,5887977,5891992,5911227,5926658,5937239,5958835,5980385,6066895,6116534,6133250,6158442,6189507,6307316,6335539,6403300,6418775,6534707,6552682|499,56688,18562,408367
1156572|Lydia|Briley|lb1954@example.com|SILVER|WORK:605-555-6441|5837246,5878349,6120238,6208672,6216994|1529,470768,99630,498152
1156990|Donald|Bilodeau|donald.bilodeau@example.com|SILVER|MOBILE:318-555-9306|5571848,5589226,5858165,5898456,5900548,5910838,5916602,6000644,6007591,6015069,6048813,6076231,6099061,6113892,6174263,6295690,6441281|628,231248,30408,516952
1157756|Robert|Cantrell|rcantrell@example.com|SILVER|MOBILE:512-555-5038|5395169,5729060,5782284,5824504,5834880,5878171,5882387,5903929,5935082,5952842,5954325,5987546,5990352,6007106,6018735,6062221,6147177,6163323,6169368,6197033,6276118,6301543,6376036,6501412,6522112,6570659,6575994,6644875|119,173148,22413,627564
1158110|Rosie|Quinn|rosie.quinn@example.com|SILVER|WORK:210-555-3335|5118280,5262882,5288127,5475300,5499105,5806552,5810377,5834652,5906050,6010854,6015500,6026339,6100308,6172878,6178029,6362512,6429108,6508037,6543080,6570119,6570212,6586107,6614635,6648511|868,237218,31418,754042
1158200|Rosa|Lehman|rlehman@example.com|SILVER|HOME:254-555-1561|5782688,5901588,5951909,5956218,5977315,5981718,6033968,6055852,6108073,6117338,6123951,6134814,6146507,6149388,6163724,6177250,6250973,6281032,6410782,6428544,6438396,6527391|2058,129219,19662,432567
1158993|Erika|Colucci|erika.colucci@example.com|GOLD|HOME:925-555-3990|5163978,5186917,5195543,5246166,5250992,5335329,5401473,5414197,5779530,5888417,5893883,6032421,6070616,6093778,6114395,6134417,6187619,6210955,6506057|2138,470019,37508,712665
1159606|Jimmy|Good|jgood@example.com|SILVER|HOME:469-555-8315|5666311,5818967,5824197,5854415,5885519,5890343,5898178,5916876,5957994,5973654,5973960,5978210,6029237,6104032,6109854,6116676,6190649,6204316,6209604,6210548,6238320,6273327,6276357,6296412,6408693,6426632,6533083|2019,58627,14945,403525
1159916|Joseph|Willette|joseph.willette@example.com|SILVER|HOME:415-555-9628|5044213,5109292,5797378,5850442,5861895,5873619,5933090,6016170,6162166,6242943,6275334,6284022|49,400118,45089,541078
1160813|Maria|Holley|holley48@example.com|SILVER|MOBILE:915-555-2660,HOME:915-555-6924|5562753,5778353,5856288,5907454,5957973,5983554,6008135,6038036,6088702,6101329,6120491,6125074,6144102,6234161,6290538,6324460,6375806,6407673,6446230,6570896,6581946,6582449,6585728,6597511|119,230288,27282,654769
1160977|Elizabeth|Armstrong|earmstrong@example.com|SILVER|MOBILE:916-555-3104|5221664,5372323,5372462,5706125,5791608,5804963,5850738,5855978,5860813,5913771,5967684,6283648,6564512|3468,234207,36245,471193
1164338|Wilma|Tyson|wilma.tyson@example.com|SILVER|MOBILE:415-555-4517|5349641,5556722,5607758,5902492,5954369,6012163,6073119,6084784,6133043,6155220,6489765,6501678|1558,229329,28704,344459
1165668|Jean|Friedman|friedman63@example.com|SILVER|WORK:214-555-8900|5747199,5780298,5791386,5907755,5937074,5964238,5985564,6002065,6091473,6137526,6148900,6219923,6311614,6475419,6523121,6563848|529,131708,23337,373397
1165866|Eric|Rowley|eric.rowley@example.com|GOLD|WORK:712-555-1769|5058107,5256379,5396965,5706973,5775338,5835719,5853736,6012601,6103980,6143648,6171131,6182159,6237867,6281872,6355103,6504141,6660535|2688,470418,47903,814353
1166271|Jerome|Brinkley|jb1949@example.com|SILVER|MOBILE:408-555-5090|5137086,5248616,5285110,5364313,5385092,5410475,5429210,5490716,5518522,5541651,5835118,5940536,6066570,6090427,6111911,6164626,6241083,6390471,6603262|1367,233608,28608,543554
1166329|Connie|Erwin|connie89@example.com|GOLD|WORK:209-555-8609|5468571,5657786,5662757,5668749,5760641,5798043,5805580,5909328,5916361,5978365,6014911,6419344,6594177,6603949|2029,471808,54070,756993
1166642|Marion|Madrid|madrid61@example.com|SILVER|MOBILE:408-555-6874,WORK:408-555-9056|5034894,5154954,5182554,5257325,5398260,5422364,5543625,5546821,5728719,5877383,5896525,5903364,6061158,6075713,6306906,6479013,6650466|649,398418,37940,644991
1166704|Judith|Oldham|jo1944@example.com|SILVER|MOBILE:214-555-4113|5326899,5389088,5550497,5777135,5835440,5858617,5951130,6041322,6072839,6075126,6098967,6100020,6102654,6142571,6175241,6254754,6255260,6262718,6303841,6475392,6491875,6521250,6553893,6583009,6614753,6647647|1198,62366,21322,554394
1166876|Arthur|Fry|afry@example.com|SILVER|MOBILE:209-555-8271|5015102,5295411,5328004,5335609,5335931,5362559,5382668,5506324,5871309,5884800,6104278,6139302,6221361,6332545,6421133,6634591|3488,231298,33171,530741
1167116|Marshall|Mays|marshall48@example.com|SILVER|MOBILE:915-555-1836,HOME:915-555-1287|5534735,5815332,5885199,5906329,5941612,5958552,6009088,6030494,6034172,6039336,6046085,6064949,6115717,6119444,6119672,6147437,6170038,6171633,6202993,6217347,6221767,6243617,6267307,6292507,6349960,6463409,6485804,6583469|559,51118,17871,500404
1167176|Carmine|Deguzman|carmine.deguzman@example.com|SILVER|HOME:915-555-5840|5139019,5236413,5365968,5437492,5450082,5576470,5598858,5651624,5821998,5832508,5856205,5915035,5943332,6032843,6054952,6100965,6167637,6168059,6168597,6230320,6235392,6305285,6394770,6437044,6472873,6497603,6541343,6583163,6643644|299,131773,21450,622064
1168367|Randy|Lynch|rlynch@example.com|SILVER|MOBILE:903-555-3674,HOME:903-555-6271|5739198,5832214,5928309,5933007,5942836,5977562,5988162,6004491,6062283,6090657,6101671,6160889,6170719,6178063,6196957,6212268,6236550,6242893,6324681,6625195|579,67527,22136,442730
1169088|Gregory|Grissom|gregory.grissom@example.com|SILVER|WORK:281-555-9662|5690743,5794787,5818680,5819055,6009118,6009743,6026197,6111054,6130449,6148681,6153711,6164195,6196609,6201436,6209985,6242359,6289974,6308973,6319268,6345391,6400425,6442064,6541938,6548306,6578848,6598533,6623722|119,79969,20071,541927
1170549|Ada|Durham|ad1989@example.com|SILVER|HOME:262-555-5302|5087058,5295538,5678141,5720701,5876169,5947731,6031173,6034338,6049218,6130899,6410726,6464805,6642804|559,233807,29852,388077
1170897|Alvin|Cook|alvin.cook@example.com|SILVER|HOME:512-555-9538|5849931,5864865,5870277,5889641,5896520,5902856,5913986,5961315,6009068,6025684,6031994,6155968,6177219,6191882,6199139,6239475,6268102,6283668,6540286,6580952,6633744|2808,82758,19466,408796
1171429|Penny|Trammell|pt1987@example.com|SILVER|MOBILE:918-555-0848,HOME:918-555-3520|5145699,5264802,5775037,5812120,5816603,5829867,5863779,5866424,5875089,5910361,5911447,5919320,5955036,5967930,5997182,6038139,6051197,6164455,6186015,6277453,6322234,6379216,6444396,6447875,6539037,6626326|399,78708,14147,367830
1171999|Toby|Chen|toby.chen@example.com|GOLD|MOBILE:915-555-4136,HOME:915-555-7508|5280857,5354158,5681780,5802567,5805424,5848488,5862980,5921674,5961015,5975229,5993650,6011312,6029542,6082372,6086013,6087651,6123763,6161410,6181363,6220110,6335036,6506060,6652896|1568,230528,26913,619009
1172048|Noe|Matthews|nm1965@example.com|SILVER|WORK:318-555-1937|5572829,5778360,5786995,5820271,5830873,5834249,5877157,5878781,5935671,5948697,6002174,6156733,6188137,6204063,6363741,6430481,6496040,6639552|659,229329,28935,520837
1173520|Miriam|Tipton|tipton49@example.com|GOLD|HOME:903-555-8462|5214742,5515974,5815006,5848132,5887406,5928670,5986874,6005561,6020040,6020238,6027045,6092753,6098658,6110634,6132635,6154592,6178483,6214191,6324611,6326821,6353206,6387452,6402347|379,232398,28395,653087
1173566|Jose|Ashcraft|ja1980@example.com|GOLD|HOME:214-555-0574|5462720,5599729,5607498,5796236,5825492,5825879,5912886,5935708,5970060,5972498,5973722,5990192,5990369,6037886,6046682,6101703,6106737,6161072,6205324,6415576,6486488,6612156,6651208|638,230778,33422,768713
1175465|Gwendolyn|Valenzuela|gwendolyn.valenzuela@example.com|SILVER|WORK:682-555-8815|5499122,5772019,5835910,5860730,5866961,5878864,5973536,6000337,6036156,6037002,6052232,6061465,6082175,6085870,6087638,6124883,6187826,6195355,6209455,6213060,6226608,6308785,6331610,6397183,6408042,6427256,6530161,6562528,6585121,6632132,6647595,6661206|1508,66057,17681,565793
1176413|Arthur|Toth|at1970@example.com|SILVER|MOBILE:214-555-2706|5185532,5773604,5800837,5925388,5942845,5998897,6008169,6008901,6062231,6063164,6076634,6085045,6208669,6248141,6265254,6291512,6391152,6414692,6417198,6463925,6507502,6507726,6533629,6589695|389,63409,18565,445561
1177503|Frank|Arredondo|fa1943@example.com|SILVER|HOME:415-555-4800|5155152,5687291,5771516,5781637,5892026,5940480,6120003,6180894,6281423,6441986,6604933|4738,229708,38242,420669
1177639|Enrique|Cooper|ec1975@example.com|SILVER|MOBILE:504-555-2286|5287777,5776475,5817339,5835830,5874335,5878968,5952805,5966571,5992116,6025214,6033727,6042217,6059346,6061163,6158180,6224194,6250421,6252552,6380777,6431556,6480129,6597665|1309,58226,18804,413698
1178485|Aurora|Driskell|adriskell@example.com|SILVER|MOBILE:806-555-5765|5214709,5776882,5809784,5839976,5977848,5994460,6157459,6166512,6188186,6229628,6247428,6493387,6494680,6516637,6561137,6575940,6585088,6586115|2198,242975,39951,719125
1178666|Odell|Fitz|odell.fitz@example.com|SILVER|WORK:916-555-9473|5154181,5295913,5338602,5663480,5935355,6042773,6053077,6065513,6214311,6642882,6650472|839,231308,33803,371841
1178796|Barbara|Maxfield|bm1975@example.com|SILVER|HOME:281-555-1092|5801212,5835961,5849999,5854032,5863433,5872970,5891688,5907565,5993146,5998977,6042654,6067787,6285232,6311835,6393434,6414134,6449996,6483980,6542019|2478,50539,22309,423874
1179423|Felicia|Yang|felicia.yang@example.com|GOLD|MOBILE:303-555-8684|5041335,5043582,5282638,5316951,5499143,5616696,5691186,5745220,5875338,5895255,6003574,6103992,6197843,6356898|3918,470019,45492,636892
1179799|Saul|Palmieri|sp1967@example.com|SILVER|WORK:916-555-9080|5055097,5362621,5513889,5595351,5778187,5812627,5867342,5927613,6057267,6112022,6138147,6216433|3228,141177,30496,365955
1180043|Orville|Dowdy|orville.dowdy@example.com|SILVER|MOBILE:281-555-3128|5091092,5296202,5571840,5703861,5816778,5957725,6012833,6158832,6203567,6223439,6233151,6298962,6487706,6515339,6611903|1728,229329,30015,450231
1180070|Sandy|Dow|sdow@example.com|SILVER|MOBILE:408-555-1083|5171255,5226361,5253572,5392113,5579820,5851532,6010851,6131464,6135861,6220074,6445274,6555083,6614714,6637288,6650836,6662629|1068,247377,37782,604524
1182198|Andrew|Deloach|ad1941@example.com|SILVER|MOBILE:214-555-6945|5301616,5618853,5772647,5821823,5929940,6029316,6063728,6120054,6196150,6315924,6345756,6388670,6403330,6450829,6457243,6470796,6532296,6594981,6618669,6657008|1298,232726,28091,561831
1182297|Brandon|Conway|brandon.conway@example.com|GOLD|MOBILE:415-555-1062|5071586,5384022,5787455,6080475,6084988,6183216,6215682,6431723,6483308|3518,474658,66332,596994
1183731|Patricia|Triplett|patricia.triplett@example.com|SILVER|MOBILE:515-555-6937|5165816,5415473,5838390,5994493,6056244,6077660,6107996,6275990,6590467|839,229728,41464,373183
1183961|Julianne|Peters|julianne.peters@example.com|SILVER|HOME:281-555-2094|5365079,5462208,5788854,5874391,5910149,5913204,5938648,5990050,6038485,6045675,6139103,6257277,6261785,6410330,6440121,6519393,6554237,6592393|119,68257,25677,462203
1184753|Margaret|Cauthen|margaret46@example.com|SILVER|HOME:512-555-4799|5090761,5333833,5848752,5856493,5874845,5875336,5875827,5884326,5900672,5990324,6165255,6177838,6203910,6225654,6331388,6344845,6372885,6457140,6478486,6498929,6649196|2969,136396,26553,557617
1184842|Constance|Tanner|ct1987@example.com|SILVER|MOBILE:510-555-1086|5160397,5292748,5432117,5496203,5821751,5880487,5896697,5906997,6092561,6398708|399,397768,54760,547601
1187933|Sanford|Bullington|sbullington@example.com|GOLD|HOME:512-555-2950|5775094,5793532,5807426,5812752,5842569,5854279,5909677,5922369,5979968,6040681,6073686,6080762,6133240,6160338,6187412,6198584,6293279,6334935,6425411,6462437,6531173|3679,482388,39575,831078
1188059|Francisco|Alicea|fa1957@example.com|GOLD|MOBILE:415-555-2908,HOME:415-555-7063|5167165,5190962,5251543,5472283,5744894,5767972,5883380,5887868,6001208,6149918,6150297,6369944,6391655|119,470019,45874,596363
1189820|Mildred|Kilpatrick|mildred89@example.com|SILVER|WORK:707-555-9131|5009935,5160295,5161682,5228772,5276728,5296812,5428107,5481784,5501407,5651420,5913329,5938856,5950248,6055990,6120008,6239597,6265300,6270636,6509392|1978,230088,31015,589292
1189921|Helen|Wilkins|hwilkins@example.com|SILVER|WORK:806-555-6979|5381466,5682320,5805909,5839144,5852245,5876678,5878921,5913657,5932234,5991544,6023452,6039175,6159218,6211938,6305093,6360683,6369332|389,232457,27814,472848
1189970|Teri|Raper|tr1980@example.com|SILVER|WORK:701-555-5559|5262546,5597967,5682817,5790048,5883333,5901401,5919850,5961039,6138289,6180697,6387176,6491549,6638346|399,227269,30931,402115
1190534|Marie|Chancey|marie.chancey@example.com|SILVER|WORK:317-555-6450|5045412,5210894,5650272,5861190,6001309,6025877,6136820,6193026,6438493,6455775,6582845|898,397878,42799,470790
1192121|Georgia|Chase|gchase@example.com|SILVER|MOBILE:408-555-2528|5103611,5133194,5150876,5222284,5239861,5423229,5763676,5865714,5901743,6112319,6132202,6177854,6275918,6381333,6518270,6550897|2999,227269,27741,443870
1193147|Francisco|Todd|francisco.todd@example.com|SILVER|HOME:915-555-8168|5184784,5314130,5708530,5800820,5870266,5891131,5930303,5966608,6062814,6099137,6099915,6130581,6132778,6140534,6210819,6246343,6414249|59,72728,22484,382234
1193303|Roger|Kellner|roger.kellner@example.com|SILVER|MOBILE:405-555-1283|5822930,5830281,5897648,5906935,5963209,6032960,6041014,6075502,6077044,6077461,6183386,6231001,6258725,6398235,6430369,6482552,6505428,6526983,6569641,6569706|1939,63097,21083,421668
1193857|Dirk|Russo|dirk.russo@example.com|SILVER|MOBILE:318-555-8601,HOME:318-555-8868|5155107,5342547,5361138,5775850,5785690,5840816,5883914,5937671,6011623,6090181,6091636,6105131,6115537,6138102,6216819,6223594,6323548,6325135,6362780,6556020|2659,79628,21070,421406
1194039|Glen|Farber|gfarber@example.com|SILVER|MOBILE:918-555-5364|5397928,5637077,5726458,5818167,5859862,5914752,5981688,6017378,6032227,6141249,6161297,6171464,6171629,6193554,6238293,6299888,6313594,6326877,6334215,6349992,6369838,6453078,6507523,6646057|1309,133858,18901,453641
1194620|Martha|Stoner|martha.stoner@example.com|SILVER|MOBILE:408-555-3520,HOME:408-555-1973|5015143,5116836,5136569,5357664,5523177,5539940,5881029,5931441,6094023,6143297,6219831,6244507|1618,409718,52002,624030
1194666|Jennifer|Dunn|jennifer.dunn@example.com|SILVER|MOBILE:281-555-3235|5229947,5344636,5806427,5806519,5813536,5863538,5899523,5904504,5958501,5982709,5988760,6085687,6101754,6127885,6147576,6156094,6167669,6220617,6252458,6295101,6367262,6391100,6394959,6494291,6554299|289,78517,20272,506821
1194770|Bernice|Rowell|bernice43@example.com|SILVER|MOBILE:502-555-6566,HOME:502-555-1578|5826764,5870201,5936752,5942750,6224909|1999,471458,97460,487301
1194802|Ernesto|Turner|turner64@example.com|SILVER|HOME:504-555-6193|5346981,5785386,5787008,5793967,5846468,5960385,6002770,6053257,6055107,6073715,6153171,6202897,6203507,6264120,6272517,6308696,6429305,6488576|798,81868,21827,392902
1195660|Luke|Hatfield|lhatfield@example.com|SILVER|MOBILE:512-555-7065|5086612,5792879,5819597,5921717,5932179,5937145,5953833,5984845,6030996,6098832,6145739,6159158,6181701,6184771,6219759,6219780,6265025,6370088,6388994,6391875,6399543,6408375,6424943,6450355,6517978,6560178,6629813,6650678|1279,57928,22725,636322
1195958|Luther|Swanson|lswanson@example.com|SILVER|MOBILE:682-555-1675|5245501,5309460,5369783,5517444,5772656,5808828,5825818,5863934,5884796,5892163,5928283,6043931,6050348,6058770,6092939,6118943,6182946,6247914,6288339,6296128,6318945,6320974,6416551,6512061|1578,227269,25298,607161
1196384|Hans|Turney|hturney@example.com|SILVER|MOBILE:504-555-9855|5381900,5698147,5793853,5907399,5953889,5994703,6004598,6014250,6064475,6078835,6086662,6172995,6201779,6255364,6334621,6354352,6435991,6535117|3128,53548,24789,446219
1197497|David|Joy|dj1984@example.com|GOLD|HOME:918-555-1800|5104757,5241821,5803254,5915884,5918022,5964242,6069688,6096891,6200423,6261442,6282981,6284525,6380713,6473133,6493832,6516833|3998,471458,43725,699609
1197604|Christina|Mathieu|chrism57@example.com|PLATINUM|HOME:907-555-3172|5046409,5053730,5060268,5109398,5191692,5214614,5217322,5229381,5229509,5286525,5304819,5347523,5363082,5397692,5413173,5436161,5486756,5549901,5586632,5596521,5662245,5720418,5764685,5785237,5794487,5798447,5800579,5803650,5807779,5822435,5828924,5833089,5836299,5845463,5846085,5853161,5863448,5864594,5867711,5868178,5871882,5880073,5880580,5882065,5884927,5885076,5909478,5944487,5946452,5948906,5949853,5954059,5954246,5959108,5961083,5966967,5976750,5977110,5982370,5985967,5993943,6003298,6004445,6011759,6013788,6014921,6020748,6025760,6029788,6033671,6037106,6049176,6049531,6053385,6053877,6054133,6081843,6085112,6103925,6113184,6129553,6130857,6131152,6148438,6160405,6169178,6190001,6193378,6211106,6216000,6222584,6244760,6245919,6248670,6251498,6257937,6258537,6259041,6271884,6278104,6280316,6288772,6303867,6320962,6333342,6334389,6346569,6349684,6362054,6364699,6364945,6378391,6381187,6381917,6400232,6401150,6403314,6410421,6439241,6443267,6456941,6459899,6468596,6476516,6508659,6516239,6529095,6530168,6545456,6562487,6576332,6610877,6630012,6648076|169,397159,18825,2522669
1197956|Jack|Segura|jack.segura@example.com|SILVER|MOBILE:510-555-4256|5018559,5097870,5244041,5314465,5317996,5360197,5422329,5606224,5689609,5721937,5800621,5826441,5869510,5906024,5941564,5972640,6015408,6060499,6120509,6272578,6365360|559,229329,22025,462525
1198373|Jesse|Levy|jlevy@example.com|SILVER|HOME:916-555-2826|5021303,5033234,5039293,5064011,5160908,5289487,5291284,5591953,5686749,5765730,5771116,5818976,5901650,5976491,6030890,6047469,6098813,6220190,6412658,6510978|1279,180417,28847,576949
1198656|Kathy|Castaneda|kathy.castaneda@example.com|SILVER|MOBILE:210-555-0500|5465205,5804633,5812001,5814588,5820549,5834621,5928565,5972491,5980811,6004463,6004936,6011141,6039269,6073919,6112721,6159026,6196926,6209709,6256365,6259509,6617512|399,49069,16640,349443
1199162|Ruth|Hook|rhook@example.com|SILVER|MOBILE:209-555-5837|5113484,5217975,5243337,5420109,5449761,5513708,5805935,5870396,5902302,5996482,6052917,6143271,6458586,6587426|649,233788,34593,484303
1199264|Alan|Crain|alan88@example.com|SILVER|HOME:936-555-7573|5149022,5462958,5589187,5780809,5834077,5861333,5892894,5944723,5964719,6035006,6079474,6153770,6172148,6405487,6474253,6515278,6532789|1258,232268,27322,464481
1199313|Richard|Archer|richard.archer@example.com|SILVER|MOBILE:831-555-4641|5468046,5629313,5798128,5866437,6128238,6135247,6215886|4199,231818,45109,315767
1199618|David|Hayward|dh1968@example.com|SILVER|WORK:512-555-8060|5789166,5811145,5818767,5832332,5875885,5885307,5892063,5907084,5952544,5962554,5981282,5996558,5999162,6002632,6003625,6011562,6040257,6067443,6143397,6153036,6190786,6326842,6412473,6423257,6453854,6496044|39,61989,14330,372585
1200098|Sherman|Blackman|sb1960@example.com|SILVER|HOME:405-555-2742|5033755,5119159,5338960,5479119,5775447,5780232,5786236,5880279,5897158,5961549,6063861,6084257,6092202,6105682,6203707,6257213,6282508,6298322,6357632,6485420,6575774,6655333|1309,232318,23460,516120
1200866|Bryce|Clark|bc1973@example.com|SILVER|HOME:408-555-4914|5015564,5178439,5278505,5279215,5457842,5512603,5553017,5737334,5803943,5890988,5922895,6159074,6176453,6294743|1299,242607,28705,401874
